598,35
0,573
0,570
592,3
592,2
592,1
10,285
10,269
592,0
591,3
591,2
591,1
10,127
10,297
591,0
590,3
590,2
590,1
10,239
10,217
590,0
531,3
531,2
531,1
10,2
10,3
531,0
527,3
527,2
527,1
11,23
527,0
508,3
508,2
508,1
508,0
501,3
501,2
501,1
8,13
8,17
501,0
464,3
464,2
464,1
8,7
8,5
464,0
463,3
463,2
463,1
8,15
8,12
463,0
462,3
462,2
462,1
462,0
377,3
377,2
377,1
377,0
370,3
370,1
292,6
292,5
292,4
292,3
292,1
232,3
232,1
37,3
37,2
37,1
37,0
34,3
34,1
28,3
28,1
20,3
20,2
20,1
19,3
19,2
19,1
12,3
12,2
12,1
11,29
11,28
11,27
11,26
11,25
11,24
11,22
11,21
11,19
11,18
11,17
11,16
11,15
11,14
11,13
11,11
11,9
11,8
11,7
11,6
11,5
11,4
11,3
11,2
11,1
10,310
10,307
10,273
10,251
10,249
10,246
10,231
10,221
10,151
